"Elapsed Time", "Heartrate"
0, 0
1000, 84
2000, 84
3000, 84
4000, 84
5000, 84
6000, 85
7000, 86
8000, 87
9000, 87
10000, 88
11000, 89
12000, 90
13000, 90
14000, 90
15000, 90
16000, 90
17000, 90
18000, 89
19000, 89
20000, 88
21000, 88
22000, 88
23000, 88
24000, 88
25000, 87
26000, 86
27000, 87
28000, 87
29000, 88
30000, 88
31000, 89
32000, 91
33000, 91
34000, 94
35000, 96
36000, 98
37000, 99
38000, 100
39000, 100
40000, 100
41000, 99
42000, 99
43000, 98
44000, 98
45000, 98
46000, 98
47000, 98
48000, 98
49000, 98
50000, 98
51000, 99
52000, 98
53000, 98
54000, 98
55000, 98
56000, 97
57000, 98
58000, 98
59000, 97
60000, 97
61000, 98
62000, 99
63000, 99
64000, 100
65000, 101
66000, 101
67000, 101
68000, 101
69000, 102
70000, 102
71000, 103
72000, 104
73000, 105
74000, 106
75000, 106
76000, 107
77000, 107
78000, 108
79000, 109
80000, 109
81000, 110
82000, 111
83000, 111
84000, 111
85000, 111
86000, 112
87000, 112
88000, 111
89000, 111
90000, 111
91000, 111
92000, 111
93000, 110
94000, 110
95000, 109
96000, 108
97000, 108
98000, 107
99000, 105
100000, 105
101000, 104
102000, 104
103000, 103
104000, 103
105000, 104
106000, 104
107000, 105
108000, 106
109000, 108
110000, 109
111000, 109
112000, 109
113000, 108
114000, 108
115000, 107
116000, 107
117000, 107
118000, 107
119000, 107
120000, 108
121000, 109
122000, 109
123000, 109
124000, 110
125000, 110
126000, 109
127000, 109
128000, 108
129000, 108
130000, 108
131000, 108
132000, 108
133000, 108
134000, 108
135000, 108
136000, 109
137000, 109
138000, 109
139000, 107
140000, 107
141000, 107
142000, 107
143000, 107
144000, 107
145000, 108
146000, 108
147000, 108
148000, 108
149000, 108
150000, 108
151000, 108
152000, 109
153000, 110
154000, 112
155000, 113
156000, 114
157000, 115
158000, 116
159000, 117
160000, 117
161000, 118
162000, 119
163000, 119
164000, 119
165000, 120
166000, 120
167000, 120
168000, 120
169000, 120
170000, 120
171000, 120
172000, 120
173000, 120
174000, 120
175000, 121
176000, 121
177000, 122
178000, 122
179000, 122
180000, 122
181000, 121
182000, 120
183000, 119
184000, 118
185000, 116
186000, 115
187000, 115
188000, 114
189000, 114
190000, 113
191000, 113
192000, 113
193000, 113
194000, 112
195000, 112
196000, 112
197000, 112
198000, 113
199000, 113
200000, 113
201000, 114
202000, 114
203000, 113
204000, 113
205000, 113
206000, 112
207000, 112
208000, 111
209000, 111
210000, 111
211000, 111
212000, 111
213000, 111
214000, 112
215000, 112
216000, 113
217000, 114
218000, 114
219000, 115
220000, 115
221000, 115
222000, 115
223000, 115
224000, 115
225000, 115
226000, 115
227000, 115
228000, 116
229000, 116
230000, 117
231000, 117
232000, 117
233000, 117
234000, 116
235000, 115
236000, 115
237000, 115
238000, 114
239000, 114
240000, 114
241000, 114
242000, 115
243000, 116
244000, 118
245000, 118
246000, 119
247000, 120
248000, 120
249000, 121
250000, 122
251000, 122
252000, 122
253000, 123
254000, 124
255000, 124
256000, 125
257000, 126
258000, 126
259000, 126
260000, 127
261000, 128
262000, 128
263000, 128
264000, 128
265000, 128
266000, 128
267000, 128
268000, 128
269000, 128
270000, 129
271000, 129
272000, 129
273000, 129
274000, 129
275000, 129
276000, 129
277000, 127
278000, 126
279000, 125
280000, 122
281000, 122
282000, 121
283000, 120
284000, 120
285000, 120
286000, 119
287000, 119
288000, 119
289000, 118
290000, 118
291000, 118
292000, 118
293000, 118
294000, 118
295000, 119
296000, 119
297000, 118
298000, 118
299000, 118
300000, 118
301000, 119
302000, 119
303000, 119
304000, 119
305000, 120
306000, 120
307000, 120
308000, 121
309000, 121
310000, 122
311000, 123
312000, 123
313000, 125
314000, 126
315000, 126
316000, 126
317000, 127
318000, 127
319000, 127
320000, 128
321000, 128
322000, 129
323000, 129
324000, 129
325000, 129
326000, 129
327000, 129
328000, 129
329000, 129
330000, 129
331000, 129
332000, 129
333000, 129
334000, 129
335000, 128
336000, 127
337000, 127
338000, 127
339000, 127
340000, 127
341000, 128
342000, 129
343000, 130
344000, 130
345000, 131
346000, 131
347000, 131
348000, 130
349000, 129
350000, 127
351000, 127
352000, 126
353000, 126
354000, 126
355000, 124
356000, 123
357000, 123
358000, 123
359000, 123
360000, 125
361000, 125
362000, 126
363000, 126
364000, 126
365000, 126
366000, 124
367000, 124
368000, 123
369000, 122
370000, 122
371000, 122
372000, 122
373000, 122
374000, 123
375000, 124
376000, 124
377000, 124
378000, 125
379000, 125
380000, 125
381000, 126
382000, 126
383000, 128
384000, 128
385000, 129
386000, 130
387000, 130
388000, 131
389000, 132
390000, 132
391000, 132
392000, 132
393000, 133
394000, 133
395000, 133
396000, 132
397000, 133
398000, 133
399000, 133
400000, 133
401000, 133
402000, 133
403000, 133
404000, 134
405000, 134
406000, 134
407000, 134
408000, 134
409000, 134
410000, 134
411000, 134
412000, 134
413000, 134
414000, 135
415000, 135
416000, 135
417000, 135
418000, 135
419000, 135
420000, 135
421000, 135
422000, 135
423000, 135
424000, 135
425000, 134
426000, 134
427000, 134
428000, 134
429000, 134
430000, 134
431000, 134
432000, 134
433000, 134
434000, 134
435000, 134
436000, 134
437000, 134
438000, 135
439000, 135
440000, 135
441000, 136
442000, 136
443000, 136
444000, 136
445000, 136
446000, 136
447000, 136
448000, 136
449000, 137
450000, 138
451000, 139
452000, 139
453000, 139
454000, 140
455000, 140
456000, 140
457000, 141
458000, 141
459000, 142
460000, 142
461000, 142
462000, 142
463000, 142
464000, 142
465000, 142
466000, 142
467000, 142
468000, 142
469000, 142
470000, 142
471000, 142
472000, 142
473000, 142
474000, 141
475000, 141
476000, 140
477000, 139
478000, 139
479000, 139
480000, 138
481000, 138
482000, 138
483000, 137
484000, 137
485000, 137
486000, 136
487000, 135
488000, 135
489000, 134
490000, 134
491000, 134
492000, 134
493000, 135
494000, 135
495000, 136
496000, 136
497000, 137
498000, 137
499000, 137
500000, 137
501000, 137
502000, 136
503000, 136
504000, 136
505000, 137
506000, 138
507000, 138
508000, 139
509000, 139
510000, 139
511000, 139
512000, 140
513000, 140
514000, 141
515000, 142
516000, 142
517000, 142
518000, 142
519000, 143
520000, 143
521000, 143
522000, 143
523000, 143
524000, 142
525000, 142
526000, 141
527000, 140
528000, 140
529000, 139
530000, 137
531000, 136
532000, 136
533000, 136
534000, 136
535000, 137
536000, 137
537000, 138
538000, 138
539000, 139
540000, 139
541000, 138
542000, 137
543000, 136
544000, 136
545000, 135
546000, 134
547000, 134
548000, 135
549000, 135
550000, 137
551000, 138
552000, 138
553000, 138
554000, 139
555000, 139
556000, 139
557000, 139
558000, 139
559000, 139
560000, 139
561000, 139
562000, 139
563000, 139
564000, 140
565000, 140
566000, 140
567000, 140
568000, 140
569000, 139
570000, 139
571000, 139
572000, 139
573000, 140
574000, 140
575000, 141
576000, 141
577000, 141
578000, 142
579000, 142
580000, 142
581000, 143
582000, 143
583000, 143
584000, 143
585000, 143
586000, 144
587000, 144
588000, 144
589000, 144
590000, 144
591000, 144
592000, 145
593000, 145
594000, 146
595000, 147
596000, 147
597000, 147
598000, 147
599000, 147
600000, 147
601000, 147
602000, 147
603000, 148
604000, 148
605000, 149
606000, 149
607000, 149
608000, 149
609000, 149
610000, 148
611000, 146
612000, 145
613000, 145
614000, 144
615000, 143
616000, 142
617000, 142
618000, 142
619000, 142
620000, 141
621000, 141
622000, 141
623000, 141
624000, 140
625000, 140
626000, 140
627000, 140
628000, 140
629000, 139
630000, 139
631000, 139
632000, 139
633000, 139
634000, 139
635000, 139
636000, 139
637000, 139
638000, 139
639000, 139
640000, 139
641000, 139
642000, 139
643000, 140
644000, 140
645000, 140
646000, 140
647000, 141
648000, 141
649000, 141
650000, 140
651000, 140
652000, 140
653000, 140
654000, 140
655000, 140
656000, 140
657000, 140
658000, 140
659000, 140
660000, 140
661000, 140
662000, 140
663000, 140
664000, 140
665000, 141
666000, 141
667000, 141
668000, 141
669000, 142
670000, 142
671000, 142
672000, 142
673000, 141
674000, 141
675000, 141
676000, 140
677000, 140
678000, 140
679000, 140
680000, 140
681000, 140
682000, 139
683000, 139
684000, 139
685000, 139
686000, 139
687000, 139
688000, 139
689000, 138
690000, 138
691000, 138
692000, 137
693000, 137
694000, 137
695000, 136
696000, 135
697000, 135
698000, 135
699000, 135
700000, 134
701000, 134
702000, 134
703000, 134
704000, 133
705000, 132
706000, 132
707000, 131
708000, 131
709000, 131
710000, 131
711000, 131
712000, 131
713000, 131
714000, 131
715000, 130
716000, 130
717000, 129
718000, 128
719000, 128
720000, 128
721000, 129
722000, 130
723000, 130
724000, 130
725000, 131
726000, 130
727000, 130
728000, 130
729000, 130
730000, 129
731000, 129
732000, 129
733000, 129
734000, 129
735000, 129
736000, 129
737000, 129
738000, 129
739000, 129
740000, 129
741000, 129
742000, 129
743000, 130
744000, 130
745000, 130
746000, 130
747000, 131
748000, 131
749000, 131
750000, 131
751000, 132
752000, 132
753000, 132
754000, 132
755000, 133
756000, 133
757000, 133
758000, 133
759000, 133
760000, 133
761000, 132
762000, 132
763000, 132
764000, 131
765000, 132
766000, 132
767000, 132
768000, 133
769000, 134
770000, 135
771000, 136
772000, 136
773000, 136
774000, 136
775000, 136
776000, 136
777000, 136
778000, 136
779000, 137
780000, 137
781000, 137
782000, 137
783000, 137
784000, 138
785000, 138
786000, 138
787000, 138
788000, 138
789000, 138
790000, 139
791000, 139
792000, 140
793000, 140
794000, 140
795000, 140
796000, 140
797000, 141
798000, 141
799000, 141
800000, 141
801000, 142
802000, 142
803000, 143
804000, 143
805000, 143
806000, 143
807000, 143
808000, 143
809000, 143
810000, 143
811000, 144
812000, 144
813000, 144
814000, 144
815000, 145
816000, 145
817000, 144
818000, 144
819000, 144
820000, 143
821000, 142
822000, 142
823000, 142
824000, 142
825000, 142
826000, 142
827000, 142
828000, 142
829000, 142
830000, 142
831000, 142
832000, 142
833000, 142
834000, 141
835000, 141
836000, 140
837000, 140
838000, 140
839000, 140
840000, 140
841000, 140
842000, 140
843000, 140
844000, 139
845000, 139
846000, 139
847000, 139
848000, 139
849000, 139
850000, 139
851000, 139
852000, 139
853000, 139
854000, 139
855000, 139
856000, 139
857000, 139
858000, 139
859000, 139
860000, 139
861000, 139
862000, 138
863000, 138
864000, 138
865000, 138
866000, 138
867000, 138
868000, 138
869000, 138
870000, 138
871000, 138
872000, 138
873000, 138
874000, 138
875000, 138
876000, 138
877000, 138
878000, 138
879000, 138
880000, 138
881000, 138
882000, 137
883000, 137
884000, 137
885000, 137
886000, 137
887000, 137
888000, 137
889000, 137
890000, 137
891000, 138
892000, 138
893000, 139
894000, 139
895000, 139
896000, 139
897000, 139
898000, 139
899000, 139
900000, 140
901000, 140
902000, 141
903000, 141
904000, 141
905000, 141
906000, 141
907000, 142
908000, 142
909000, 142
910000, 142
911000, 142
912000, 143
913000, 143
914000, 143
915000, 143
916000, 143
917000, 144
918000, 144
919000, 144
920000, 143
921000, 143
922000, 143
923000, 143
924000, 143
925000, 143
926000, 143
927000, 143
928000, 143
929000, 143
930000, 144
931000, 144
932000, 144
933000, 144
934000, 145
935000, 145
936000, 145
937000, 146
938000, 146
939000, 146
940000, 146
941000, 146
942000, 146
943000, 146
944000, 146
945000, 146
946000, 146
947000, 146
948000, 146
949000, 146
950000, 146
951000, 146
952000, 145
953000, 145
954000, 145
955000, 145
956000, 145
957000, 146
958000, 146
959000, 147
960000, 147
961000, 147
962000, 146
963000, 146
964000, 145
965000, 145
966000, 145
967000, 145
968000, 145
969000, 145
970000, 145
971000, 145
972000, 145
973000, 145
974000, 145
975000, 145
976000, 145
977000, 145
978000, 146
979000, 146
980000, 147
981000, 148
982000, 148
983000, 148
984000, 149
985000, 150
986000, 151
987000, 152
988000, 152
989000, 152
990000, 153
991000, 153
992000, 153
993000, 154
994000, 154
995000, 154
996000, 154
997000, 154
998000, 154
999000, 154
1000000, 154
1001000, 154
1002000, 154
1003000, 154
1004000, 154
1005000, 154
1006000, 153
1007000, 152
1008000, 152
1009000, 152
1010000, 151
1011000, 150
1012000, 149
1013000, 149
1014000, 149
1015000, 149
1016000, 148
1017000, 148
1018000, 149
1019000, 149
1020000, 149
1021000, 149
1022000, 149
1023000, 149
1024000, 149
1025000, 149
1026000, 149
1027000, 149
1028000, 149
1029000, 150
1030000, 150
1031000, 150
1032000, 150
1033000, 150
1034000, 151
1035000, 151
1036000, 151
1037000, 151
1038000, 151
1039000, 151
1040000, 152
1041000, 152
1042000, 152
1043000, 151
1044000, 151
1045000, 151
1046000, 151
1047000, 152
1048000, 152
1049000, 152
1050000, 153
1051000, 153
1052000, 153
1053000, 153
1054000, 154
1055000, 154
1056000, 154
1057000, 155
1058000, 155
1059000, 155
1060000, 155
1061000, 156
1062000, 156
1063000, 157
1064000, 157
1065000, 157
1066000, 157
1067000, 158
1068000, 158
1069000, 158
1070000, 158
1071000, 158
1072000, 159
1073000, 159
1074000, 159
1075000, 159
1076000, 159
1077000, 159
1078000, 160
1079000, 160
1080000, 160
1081000, 160
1082000, 160
1083000, 160
1084000, 160
1085000, 160
1086000, 160
1087000, 160
1088000, 160
1089000, 159
1090000, 159
1091000, 159
1092000, 158
1093000, 158
1094000, 158
1095000, 157
1096000, 157
1097000, 157
1098000, 156
1099000, 156
1100000, 155
1101000, 155
1102000, 155
1103000, 155
1104000, 155
1105000, 155
1106000, 155
1107000, 155
1108000, 154
1109000, 154
1110000, 154
1111000, 153
1112000, 152
1113000, 152
1114000, 152
1115000, 152
1116000, 152
1117000, 152
1118000, 151
1119000, 151
1120000, 150
1121000, 150
1122000, 149
1123000, 149
1124000, 148
1125000, 148
1126000, 148
1127000, 148
1128000, 148
1129000, 148
1130000, 148
1131000, 148
1132000, 148
1133000, 148
1134000, 148
1135000, 149
1136000, 149
1137000, 149
1138000, 149
1139000, 149
1140000, 149
1141000, 149
1142000, 149
1143000, 148
1144000, 148
1145000, 147
1146000, 147
1147000, 147
1148000, 147
1149000, 146
1150000, 146
1151000, 146
1152000, 146
1153000, 145
1154000, 145
1155000, 145
1156000, 145
1157000, 145
1158000, 145
1159000, 145
1160000, 145
1161000, 145
1162000, 145
1163000, 145
1164000, 145
1165000, 145
1166000, 145
1167000, 145
1168000, 145
1169000, 145
1170000, 144
1171000, 144
1172000, 144
1173000, 144
1174000, 143
1175000, 143
1176000, 142
1177000, 142
1178000, 142
1179000, 142
1180000, 142
1181000, 142
1182000, 142
1183000, 142
1184000, 142
1185000, 142
1186000, 143
1187000, 143
1188000, 143
1189000, 143
1190000, 143
1191000, 144
1192000, 144
1193000, 143
1194000, 143
1195000, 143
1196000, 143
1197000, 143
1198000, 143
1199000, 143
1200000, 143
1201000, 143
1202000, 143
1203000, 143
1204000, 144
1205000, 144
1206000, 144
1207000, 144
1208000, 145
1209000, 145
1210000, 145
1211000, 146
1212000, 146
1213000, 146
1214000, 146
1215000, 146
1216000, 146
1217000, 145
1218000, 145
1219000, 145
1220000, 145
1221000, 145
1222000, 145
1223000, 145
1224000, 145
1225000, 146
1226000, 147
1227000, 147
1228000, 147
1229000, 148
1230000, 148
1231000, 148
1232000, 149
1233000, 149
1234000, 149
1235000, 149
1236000, 150
1237000, 150
1238000, 151
1239000, 151
1240000, 152
1241000, 152
1242000, 152
1243000, 153
1244000, 153
1245000, 153
1246000, 153
1247000, 156
1248000, 156
1249000, 156
1250000, 156
1251000, 156
1252000, 155
1253000, 156
1254000, 156
1255000, 156
1256000, 156
1257000, 152
1258000, 152
1259000, 152
1260000, 152
1261000, 152
1262000, 152
1263000, 151
1264000, 151
1265000, 150
1266000, 149
1267000, 149
1268000, 149
1269000, 148
1270000, 148
1271000, 148
1272000, 148
1273000, 148
1274000, 148
1275000, 148
1276000, 148
1277000, 148
1278000, 148
1279000, 148
1280000, 148
1281000, 147
1282000, 146
1283000, 146
1284000, 146
1285000, 146
1286000, 146
1287000, 147
1288000, 147
1289000, 147
1290000, 147
1291000, 146
1292000, 145
1293000, 145
1294000, 145
1295000, 144
1296000, 144
1297000, 143
1298000, 143
1299000, 143
1300000, 143
1301000, 143
1302000, 142
1303000, 142
1304000, 142
1305000, 141
1306000, 141
1307000, 140
1308000, 140
1309000, 139
1310000, 139
1311000, 139
1312000, 139
1313000, 138
1314000, 138
1315000, 138
1316000, 136
1317000, 136
1318000, 136
1319000, 135
1320000, 135
1321000, 135
1322000, 136
1323000, 137
1324000, 137
1325000, 137
1326000, 138
1327000, 138
1328000, 139
1329000, 139
1330000, 139
1331000, 140
1332000, 140
1333000, 141
1334000, 141
1335000, 142
1336000, 143
1337000, 144
1338000, 144
1339000, 144
1340000, 144
1341000, 144
1342000, 144
1343000, 144
1344000, 145
1345000, 145
1346000, 145
1347000, 145
1348000, 144
1349000, 144
1350000, 144
1351000, 144
1352000, 144
1353000, 144
1354000, 143
1355000, 143
1356000, 143
1357000, 143
1358000, 143
1359000, 143
1360000, 143
1361000, 143
1362000, 143
1363000, 143
1364000, 143
1365000, 143
1366000, 144
1367000, 143
1368000, 143
1369000, 143
1370000, 144
1371000, 143
1372000, 144
1373000, 144
1374000, 144
1375000, 144
1376000, 145
1377000, 145
1378000, 146
1379000, 147
1380000, 147
1381000, 147
1382000, 148
1383000, 148
1384000, 148
1385000, 149
1386000, 149
1387000, 149
1388000, 150
1389000, 150
1390000, 150
1391000, 150
1392000, 150
1393000, 150
1394000, 150
1395000, 150
1396000, 149
1397000, 149
1398000, 149
1399000, 148
1400000, 148
1401000, 147
1402000, 147
1403000, 147
1404000, 146
1405000, 145
1406000, 144
1407000, 143
1408000, 143
1409000, 143
1410000, 143
1411000, 143
1412000, 144
1413000, 144
1414000, 145
1415000, 145
1416000, 146
1417000, 146
1418000, 145
1419000, 145
1420000, 145
1421000, 145
1422000, 144
1423000, 144
1424000, 144
1425000, 143
1426000, 143
1427000, 143
1428000, 142
1429000, 142
1430000, 142
1431000, 142
1432000, 142
1433000, 142
1434000, 142
1435000, 143
1436000, 143
1437000, 143
1438000, 143
1439000, 143
1440000, 143
1441000, 143
1442000, 143
1443000, 143
1444000, 144
1445000, 144
1446000, 144
1447000, 144
1448000, 144
1449000, 144
1450000, 145
1451000, 145
1452000, 145
1453000, 145
1454000, 145
1455000, 145
1456000, 145
1457000, 146
1458000, 146
1459000, 146
1460000, 146
1461000, 146
1462000, 146
1463000, 146
1464000, 146
1465000, 145
1466000, 145
1467000, 144
1468000, 144
1469000, 144
1470000, 143
1471000, 143
1472000, 143
1473000, 143
1474000, 143
1475000, 143
1476000, 144
1477000, 144
1478000, 144
1479000, 144
1480000, 144
1481000, 143
1482000, 143
1483000, 143
1484000, 143
1485000, 143
1486000, 143
1487000, 144
1488000, 144
1489000, 144
1490000, 144
1491000, 144
1492000, 145
1493000, 145
1494000, 145
1495000, 145
1496000, 145
1497000, 145
1498000, 146
1499000, 146
1500000, 146
1501000, 146
1502000, 147
1503000, 146
1504000, 146
1505000, 146
1506000, 146
1507000, 146
1508000, 146
1509000, 146
1510000, 147
1511000, 147
1512000, 147
1513000, 147
1514000, 147
1515000, 147
1516000, 147
1517000, 147
1518000, 147
1519000, 147
1520000, 147
1521000, 147
1522000, 147
1523000, 147
1524000, 147
1525000, 147
1526000, 147
1527000, 147
1528000, 147
1529000, 147
1530000, 147
1531000, 146
1532000, 145
1533000, 145
1534000, 145
1535000, 144
1536000, 144
1537000, 143
1538000, 143
1539000, 143
1540000, 142
1541000, 142
1542000, 142
1543000, 141
1544000, 141
1545000, 141
1546000, 141
1547000, 141
1548000, 141
1549000, 140
1550000, 140
1551000, 139
1552000, 139
1553000, 139
1554000, 140
1555000, 140
1556000, 140
1557000, 141
1558000, 142
1559000, 143
1560000, 143
1561000, 143
1562000, 144
1563000, 145
1564000, 145
1565000, 145
1566000, 146
1567000, 146
1568000, 146
1569000, 147
1570000, 147
1571000, 147
1572000, 147
1573000, 147
1574000, 147
1575000, 147
1576000, 147
1577000, 147
1578000, 147
1579000, 147
1580000, 148
1581000, 148
1582000, 148
1583000, 148
1584000, 148
1585000, 148
1586000, 148
1587000, 147
1588000, 147
1589000, 147
1590000, 147
1591000, 147
1592000, 147
1593000, 147
1594000, 147
1595000, 147
1596000, 147
1597000, 147
1598000, 147
1599000, 147
1600000, 147
1601000, 148
1602000, 148
1603000, 149
1604000, 149
1605000, 150
1606000, 150
1607000, 151
1608000, 151
1609000, 152
1610000, 152
1611000, 153
1612000, 153
1613000, 153
1614000, 154
1615000, 154
1616000, 154
1617000, 155
1618000, 155
1619000, 155
1620000, 155
1621000, 155
1622000, 155
1623000, 155
1624000, 155
1625000, 155
1626000, 155
1627000, 155
1628000, 155
1629000, 154
1630000, 154
1631000, 153
1632000, 153
1633000, 152
1634000, 152
1635000, 152
1636000, 151
1637000, 151
1638000, 151
1639000, 151
1640000, 151
1641000, 151
1642000, 152
1643000, 152
1644000, 152
1645000, 152
1646000, 151
1647000, 151
1648000, 151
1649000, 151
1650000, 150
1651000, 150
1652000, 150
1653000, 150
1654000, 149
1655000, 149
1656000, 149
1657000, 149
1658000, 148
1659000, 148
1660000, 147
1661000, 147
1662000, 147
1663000, 146
1664000, 146
1665000, 146
1666000, 145
1667000, 145
1668000, 145
1669000, 145
1670000, 146
1671000, 146
1672000, 146
1673000, 146
1674000, 146
1675000, 146
1676000, 145
1677000, 144
1678000, 144
1679000, 143
1680000, 143
1681000, 143
1682000, 144
1683000, 144
1684000, 144
1685000, 144
1686000, 144
1687000, 144
1688000, 144
1689000, 144
1690000, 144
1691000, 144
1692000, 144
1693000, 144
1694000, 144
1695000, 144
1696000, 144
1697000, 144
1698000, 144
1699000, 144
1700000, 144
1701000, 144
1702000, 144
1703000, 144
1704000, 144
1705000, 144
1706000, 144
1707000, 144
1708000, 144
1709000, 144
1710000, 144
1711000, 144
1712000, 143
1713000, 143
1714000, 143
1715000, 143
1716000, 143
1717000, 144
1718000, 144
1719000, 145
1720000, 145
1721000, 145
1722000, 145
1723000, 145
1724000, 145
1725000, 145
1726000, 145
1727000, 145
1728000, 144
1729000, 144
1730000, 144
1731000, 144
1732000, 143
1733000, 143
1734000, 143
1735000, 143
1736000, 143
1737000, 143
1738000, 143
1739000, 143
1740000, 143
1741000, 143
1742000, 143
1743000, 143
1744000, 143
1745000, 142
1746000, 143
1747000, 143
1748000, 142
1749000, 142
1750000, 142
1751000, 142
1752000, 141
1753000, 140
1754000, 139
1755000, 139
1756000, 139
1757000, 139
1758000, 140
1759000, 140
1760000, 140
1761000, 141
1762000, 141
1763000, 141
1764000, 142
1765000, 142
1766000, 142
1767000, 142
1768000, 143
1769000, 143
1770000, 144
1771000, 144
1772000, 144
1773000, 144
1774000, 144
1775000, 144
1776000, 144
1777000, 144
1778000, 143
1779000, 143
1780000, 142
1781000, 142
1782000, 141
1783000, 140
1784000, 140
1785000, 140
1786000, 140
1787000, 141
1788000, 141
1789000, 142
1790000, 143
1791000, 143
1792000, 144
1793000, 144
1794000, 144
1795000, 144
1796000, 144
1797000, 144
1798000, 144
1799000, 144
1800000, 144
1801000, 144
1802000, 144
1803000, 143
1804000, 143
1805000, 143
1806000, 143
1807000, 142
